## Q Matrices from EvoFold.v7b
## https://github.com/jakob-skou-pedersen/phy/blob/master/src/test/EvoFoldEx/EvoFoldConfig.v7b

const GTR_SINGLE_PI =  [0.25, 0.25, 0.25, 0.25]
const GTR_SINGLE_Q  =  [-3.349769077410539e+00 7.275406347626509e-01 1.943150372974488e+00 6.790780696734000e-01
                        5.982807571416286e-01 -2.886424904723806e+00 5.778864472526311e-01 1.710257700329546e+00 
                        1.338779032790204e+00 4.814930766087296e-01 -2.232111455285279e+00 4.118393458863448e-01 
                        5.410782831834724e-01 1.657519456685792e+00 4.788413083474316e-01 -2.677439048216696e+00] 


const GTR_PAIRED_PI = [1.685480000e-03, 3.998120000e-03, 1.450300000e-03, 1.586310000e-01, 4.076510000e-03, 1.685480000e-03, 2.298530000e-01, 2.077450000e-03, 2.430230000e-03, 2.460800000e-01, 2.116650000e-03, 4.950610000e-02, 2.353790000e-01, 2.195050000e-03, 5.495450000e-02, 3.880530000e-03]

const GTR_PAIRED_Q  = [-1.570172915612094e+01 3.159013235953322e-06 1.145917805394311e-06 2.556207716070187e+00 3.220951108645083e-06 1.331739324716268e-06 3.703891497638424e+00 1.641444490668422e-06 1.920184670898033e-06 3.965376217577597e+00 1.672417377637640e-06 7.977499657226034e-01 3.792938429442446e+00 1.734363151576076e-06 8.855464375360373e-01 3.066102476292344e-06
              1.331739324716268e-06 -1.570172732884702e+01 1.145917805394311e-06 2.556207716070187e+00 3.220951108645083e-06 1.331739324716268e-06 3.703891497638424e+00 1.641444490668422e-06 1.920184670898033e-06 3.965376217577597e+00 1.672417377637640e-06 7.977499657226034e-01 3.792938429442446e+00 1.734363151576076e-06 8.855464375360373e-01 3.066102476292344e-06
              1.331739324716268e-06 3.159013235953322e-06 -1.570172934194246e+01 2.556207716070187e+00 3.220951108645083e-06 1.331739324716268e-06 3.703891497638424e+00 1.641444490668422e-06 1.920184670898033e-06 3.965376217577597e+00 1.672417377637640e-06 7.977499657226034e-01 3.792938429442446e+00 1.734363151576076e-06 8.855464375360373e-01 3.066102476292344e-06
              2.716011990898361e-02 6.442640589654317e-02 2.337038820039332e-02 -9.220784552846004e-01 6.568959608548948e-02 2.716011990898361e-02 1.734136284173373e-07 3.347639313721789e-02 3.916115184185469e-02 1.156328001895630e-01 3.410806880256673e-02 3.939872967887371e-01 3.892347812199489e-07 3.537142013326440e-02 2.591700346017333e-06 6.253154004224802e-02
              1.331739324716268e-06 3.159013235953322e-06 1.145917805394311e-06 2.556207716070187e+00 -1.570172726690915e+01 1.331739324716268e-06 3.703891497638424e+00 1.641444490668422e-06 1.920184670898033e-06 3.965376217577597e+00 1.672417377637640e-06 7.977499657226034e-01 3.792938429442446e+00 1.734363151576076e-06 8.855464375360373e-01 3.066102476292344e-06
              1.331739324716268e-06 3.159013235953322e-06 1.145917805394311e-06 2.556207716070187e+00 3.220951108645083e-06 -1.570172915612094e+01 3.703891497638424e+00 1.641444490668422e-06 1.920184670898033e-06 3.965376217577597e+00 1.672417377637640e-06 7.977499657226034e-01 3.792938429442446e+00 1.734363151576076e-06 8.855464375360373e-01 3.066102476292344e-06
              2.716011990898361e-02 6.442640589654317e-02 2.337038820039332e-02 1.196798705671478e-07 6.568959608548948e-02 2.716011990898361e-02 -8.913365994150644e-01 3.347639313721789e-02 3.916115184185469e-02 1.471669982351090e-07 3.410806880256673e-02 5.283847612750806e-07 7.548943745833461e-02 3.537142013326440e-02 4.033911627675549e-01 6.253154004224802e-02
              1.331739324716268e-06 3.159013235953322e-06 1.145917805394311e-06 2.556207716070187e+00 3.220951108645083e-06 1.331739324716268e-06 3.703891497638424e+00 -1.570172884641577e+01 1.920184670898033e-06 3.965376217577597e+00 1.672417377637640e-06 7.977499657226034e-01 3.792938429442446e+00 1.734363151576076e-06 8.855464375360373e-01 3.066102476292344e-06
              1.331739324716268e-06 3.159013235953322e-06 1.145917805394311e-06 2.556207716070187e+00 3.220951108645083e-06 1.331739324716268e-06 3.703891497638424e+00 1.641444490668422e-06 -1.570172856767559e+01 3.965376217577597e+00 1.672417377637640e-06 7.977499657226034e-01 3.792938429442446e+00 1.734363151576076e-06 8.855464375360373e-01 3.066102476292344e-06
              2.716011990898361e-02 6.442640589654317e-02 2.337038820039332e-02 7.454058325288752e-02 6.568959608548948e-02 2.716011990898361e-02 1.374625164391031e-07 3.347639313721789e-02 3.916115184185469e-02 -7.753898149480459e-01 3.410806880256673e-02 2.883936505495478e-01 6.293871126712090e-08 3.537142013326440e-02 1.767868379592068e-07 6.253154004224802e-02
              1.331739324716268e-06 3.159013235953322e-06 1.145917805394311e-06 2.556207716070187e+00 3.220951108645083e-06 1.331739324716268e-06 3.703891497638424e+00 1.641444490668422e-06 1.920184670898033e-06 3.965376217577597e+00 -1.570172881544288e+01 7.977499657226034e-01 3.792938429442446e+00 1.734363151576076e-06 8.855464375360373e-01 3.066102476292344e-06
              2.716011990898361e-02 6.442640589654317e-02 2.337038820039332e-02 1.262442383401119e+00 6.568959608548948e-02 2.716011990898361e-02 2.453249650717004e-06 3.347639313721789e-02 3.916115184185469e-02 1.433518486150853e+00 3.410806880256673e-02 -3.108441011442458e+00 2.868760374276795e-06 3.537142013326440e-02 1.961592291594718e-05 6.253154004224802e-02
              2.716011990898361e-02 6.442640589654317e-02 2.337038820039332e-02 2.623203538960642e-07 6.568959608548948e-02 2.716011990898361e-02 7.371716962052939e-02 3.347639313721789e-02 3.916115184185469e-02 6.580008441115439e-08 3.410806880256673e-02 6.033721698409137e-07 -8.882729750915532e-01 3.537142013326440e-02 4.020996700208706e-01 6.253154004224802e-02
              1.331739324716268e-06 3.159013235953322e-06 1.145917805394311e-06 2.556207716070187e+00 3.220951108645083e-06 1.331739324716268e-06 3.703891497638424e+00 1.641444490668422e-06 1.920184670898033e-06 3.965376217577597e+00 1.672417377637640e-06 7.977499657226034e-01 3.792938429442446e+00 -1.570172875349711e+01 8.855464375360373e-01 3.066102476292344e-06
              2.716011990898361e-02 6.442640589654317e-02 2.337038820039332e-02 7.481171106807914e-06 6.568959608548948e-02 2.716011990898361e-02 1.687226140454572e+00 3.347639313721789e-02 3.916115184185469e-02 7.916313511177721e-07 3.410806880256673e-02 1.767112504834313e-05 1.722257835661183e+00 3.537142013326440e-02 -3.821965124000807e+00 6.253154004224802e-02
              1.331739324716268e-06 3.159013235953322e-06 1.145917805394311e-06 2.556207716070187e+00 3.220951108645083e-06 1.331739324716268e-06 3.703891497638424e+00 1.641444490668422e-06 1.920184670898033e-06 3.965376217577597e+00 1.672417377637640e-06 7.977499657226034e-01 3.792938429442446e+00 1.734363151576076e-06 8.855464375360373e-01 -1.570172742175779e+01]


